{
 "cells": [
  {
   "cell_type": "markdown",
   "metadata": {},
   "source": [
    "# Bisimulation Metric\n"
   ]
  },
  {
   "cell_type": "code",
   "execution_count": 20,
   "metadata": {},
   "outputs": [],
   "source": [
    "# Plot the heatmap of the distance matrix\n",
    "import seaborn as sns\n",
    "import matplotlib.pyplot as plt\n",
    "\n",
    "def plot_distance_matrix(d, states, annot = False, heatmap_range = None):\n",
    "    vmin, vmax = heatmap_range\n",
    "    if annot:\n",
    "        sns.heatmap(d, cmap='viridis', annot=True, fmt=\".2f\", xticklabels=states, yticklabels=states, vmin=vmin, vmax=vmax)\n",
    "    else:\n",
    "        sns.heatmap(d, cmap='viridis', xticklabels=states, yticklabels=states, vmin=vmin, vmax=vmax)\n",
    "    plt.xlabel('States')\n",
    "    plt.ylabel('States')\n",
    "    plt.title('On-policy Bisimulation Metric')\n",
    "    plt.show()"
   ]
  },
  {
   "cell_type": "code",
   "execution_count": 2,
   "metadata": {},
   "outputs": [],
   "source": [
    "import numpy as np\n",
    "import matplotlib.pyplot as plt\n",
    "from sklearn.manifold import MDS\n",
    "from adjustText import adjust_text\n",
    "from sklearn.cluster import KMeans\n",
    "\n",
    "\n",
    "def plot_distances(d, states, n_clusters = 4):\n",
    "\n",
    "    # Normalize the distance matrix\n",
    "    d = d / np.max(d)\n",
    "\n",
    "    # Apply Multidimensional Scaling (MDS)\n",
    "    mds = MDS(n_components=2, dissimilarity='precomputed', random_state=42)\n",
    "    pos = mds.fit_transform(d)\n",
    "\n",
    "    # Perform KMeans clustering\n",
    "    kmeans = KMeans(n_clusters=n_clusters, random_state=42)\n",
    "    clusters = kmeans.fit_predict(pos)\n",
    "\n",
    "    # Plot the result\n",
    "    plt.figure(figsize=(10, 8))\n",
    "    scatter = plt.scatter(pos[:, 0], pos[:, 1], c=clusters, cmap='viridis', marker=\"o\", s=50)\n",
    "\n",
    "    # Annotate points with state numbers and adjust text to avoid overlap\n",
    "    texts = []\n",
    "    for i, (x, y) in enumerate(pos):\n",
    "        texts.append(plt.text(x, y, str(states[i]), fontsize=11, ha='right'))\n",
    "\n",
    "    adjust_text(texts)#, arrowprops=dict(arrowstyle='->', color='red'))\n",
    "\n",
    "    # Create a legend\n",
    "    handles, labels = scatter.legend_elements()\n",
    "    legend_labels = [f'c{int(i)}' for i in range(len(labels))]\n",
    "    plt.legend(handles, legend_labels, title=\"Clusters\")\n",
    "\n",
    "    plt.title('MDS Plot of States Based on Distances with Clustering')\n",
    "    plt.xlabel('Component 1')\n",
    "    plt.ylabel('Component 2')\n",
    "    plt.grid(True)\n",
    "    plt.show()"
   ]
  },
  {
   "cell_type": "code",
   "execution_count": 3,
   "metadata": {},
   "outputs": [],
   "source": [
    "import numpy as np\n",
    "import matplotlib.pyplot as plt\n",
    "import seaborn as sns\n",
    "\n",
    "def plot_grid_distance_heatmap(grid, valid_states, distances, state_evaluated = None, save_suffix = \"\", save = False, normalize = False):\n",
    "    grid_shape = grid.shape[0]\n",
    "    # Normalize the distance array (max - min normalization) as min is always 0\n",
    "    if normalize:\n",
    "        max_distance = np.max(distances)\n",
    "        normalized_distances = distances / max_distance\n",
    "    else:\n",
    "        normalized_distances = distances\n",
    "\n",
    "    # Create a grid with NaN values for invalid states\n",
    "    heatmap = np.full(grid.shape, np.nan)\n",
    "\n",
    "    # Fill the grid with the normalized distances\n",
    "    for idx, (r, c) in enumerate(valid_states):\n",
    "        heatmap[r, c] = normalized_distances[idx]\n",
    "\n",
    "    # Plot the heatmap\n",
    "    plt.figure(figsize=(5, 6))\n",
    "    sns.heatmap(heatmap, annot=True, cmap='viridis', cbar=True, square=True, linewidths=0.5)\n",
    "    plt.title(f'On-policy Bisimulation Metric, State: {state_evaluated}')\n",
    "    plt.xlabel('Column')\n",
    "    plt.ylabel('Row')\n",
    "    plt.xticks(ticks=np.arange(grid_shape) + 0.5, labels=np.arange(grid_shape))\n",
    "    plt.yticks(ticks=np.arange(grid_shape) + 0.5, labels=np.arange(grid_shape))\n",
    "\n",
    "    # Save the plot\n",
    "    if save:\n",
    "        PATH_TO_SAVE = f'results/on_policy_bisimulation_metric{save_suffix}/'\n",
    "        plt.savefig(PATH_TO_SAVE + f'on_policy_bisimulation_metric_{state_evaluated}{save_suffix}.png')\n",
    "\n",
    "    plt.show()\n"
   ]
  },
  {
   "cell_type": "code",
   "execution_count": 4,
   "metadata": {},
   "outputs": [],
   "source": [
    "import numpy as np\n",
    "from collections import defaultdict\n",
    "\n",
    "# We have 4 actions, corresponding to \"down\", \"right\", \"up\" and \"left\".\n",
    "# Action 0: Down\n",
    "# Action 1: Right\n",
    "# Action 2: Up\n",
    "# Action 3: Left\n",
    "ACTION_SPACE = ['down', 'right', 'up', 'left']\n",
    "POLICYACTION2ACTION = { 'u' : 'up',\n",
    "                 'd' : 'down', \n",
    "                 'l' : 'left', \n",
    "                 'r' : 'right', \n",
    "                 'G' : 'right'} # Assume right from the goal\n",
    "\n",
    "def get_next_state(r, c, action, grid):\n",
    "    rows, cols = grid.shape\n",
    "\n",
    "    if action == 'up':\n",
    "        new_position = max(r - 1, 0), c\n",
    "    elif action == 'down':\n",
    "        new_position = min(r + 1, rows - 1), c\n",
    "    elif action == 'left':\n",
    "        new_position = r, max(c - 1, 0)\n",
    "    elif action == 'right':\n",
    "        new_position = r, min(c + 1, cols - 1)\n",
    "\n",
    "    if grid[new_position]==\"x\" or grid[r][c]==\"G\":\n",
    "        return r, c # don't move with a wall or when you are in the goal (it's practically a transition to the same state)\n",
    "    else:\n",
    "        return new_position\n",
    "\n",
    "\n",
    "def get_net_state_walls(r, c, action, grid_shape):\n",
    "    rows, cols = grid_shape\n",
    "\n",
    "    if action == 'up':\n",
    "        return max(r - 1, 0), c\n",
    "    elif action == 'down':\n",
    "        return min(r + 1, rows - 1), c\n",
    "    elif action == 'left':\n",
    "        return r, max(c - 1, 0)\n",
    "    elif action == 'right':\n",
    "        return r, min(c + 1, cols - 1)\n",
    "    \n",
    "def reward_function(state, action, grid):\n",
    "    r, c = state\n",
    "\n",
    "    grid_size = grid.shape[0]\n",
    "\n",
    "    # NOTE: This environment is deterministic for that reason\n",
    "    # and action only lead to one next possible state\n",
    "    next_state = get_next_state(r, c, action, grid)\n",
    "\n",
    "    # Define the reward if you are in the terminal state\n",
    "    # And want to move (in theory but as it's a terminal state you don't move)\n",
    "    if grid[state] == 'G':\n",
    "        return 0\n",
    "    \n",
    "    # Define all the other rewards\n",
    "    if grid[next_state] == 'G':\n",
    "        return grid_size * 2\n",
    "    # elif grid[next_state] == 'x' or state == next_state:\n",
    "    #     return -1\n",
    "    # else:\n",
    "    #     return -1\n",
    "    else:\n",
    "        return -1\n",
    "    \n",
    "def transition_function(state, action, grid):\n",
    "    r, c = state\n",
    "\n",
    "    # NOTE: This environment is deterministic for that reason\n",
    "    # and action only lead to one next possible state\n",
    "    next_state = get_next_state(r, c, action, grid)\n",
    "\n",
    "    # Define the transition if you are in the terminal state\n",
    "    # if grid[state] == 'G':\n",
    "    #     # return {next_state: 0.} # Terminal state not other possible transition\n",
    "    #     return 1 # any action leads you to the same state\n",
    "    \n",
    "    # # Define all the other transitions\n",
    "    # if grid[next_state] == 'x' or state == next_state:\n",
    "    #     # return {state: 1.} # Transition to the same state\n",
    "    #     return 0\n",
    "    # else:\n",
    "    #     # return {next_state: 1.} # Transition to the next state\n",
    "    #     return 1   \n",
    "    \n",
    "    # NOTE: As I already defined that you should transition to the same state\n",
    "    # There is always a transition with prob one\n",
    "\n",
    "    # Only if you are in the terminal state you don't have any transition possible\n",
    "    if grid[state] == \"G\":\n",
    "        return 0\n",
    "    return 1\n",
    "    \n",
    "def read_grid_world(file_path):\n",
    "    with open(file_path, 'r') as file:\n",
    "        grid = [line.split() for line in file]\n",
    "    return np.array(grid)\n",
    "\n",
    "def calculate_rewards_and_transitions(grid):\n",
    "    states = []\n",
    "    rewards = defaultdict(dict)\n",
    "    # transitions = defaultdict(dict)\n",
    "    transitions = defaultdict(list)\n",
    "    for row in range(grid.shape[0]):\n",
    "        for col in range(grid.shape[1]):\n",
    "            state = (row, col)\n",
    "\n",
    "            if grid[row, col] != 'x':\n",
    "                states.append(state)\n",
    "                \n",
    "                for action in ACTION_SPACE:\n",
    "                    rewards[state][action] = reward_function(state, action, grid)\n",
    "                    # transitions[state][action] = transition_function(state, action, grid)\n",
    "                    transitions[state].append(transition_function(state, action, grid))\n",
    "\n",
    "    return states, rewards, transitions"
   ]
  },
  {
   "cell_type": "code",
   "execution_count": 12,
   "metadata": {},
   "outputs": [],
   "source": [
    "def compute_bisimulation_metric(grid, states, rewards, gamma = 0.9, epsilon=1e-6, policy = None, get_iterations = False):\n",
    "    \"\"\"\n",
    "    Compute the on-policy bisimulation metric for a given MDP and policy.\n",
    "\n",
    "    Parameters:\n",
    "    - grid: Grid world environment.\n",
    "    - states: List of states each state is a tuple (x,y).\n",
    "    - rewards: Function R(s, a).\n",
    "    - gamma: Discount factor.\n",
    "    - epsilon: Convergence threshold.\n",
    "    - policy: Function π(a | s). It is a matrix of size similar to the grid\n",
    "\n",
    "    Returns:\n",
    "    - d: On-policy bisimulation metric.\n",
    "    \"\"\"\n",
    "\n",
    "\n",
    "    n_states = len(states)\n",
    "    d = np.zeros((n_states, n_states))\n",
    "    distances_over_time = [d]\n",
    "\n",
    "    def distance_update(d):\n",
    "        new_d = np.zeros_like(d)\n",
    "        for i, s in enumerate(states):\n",
    "            for j, t in enumerate(states):\n",
    "                if i != j:\n",
    "\n",
    "                    # Compute on-policy bisimulation metric\n",
    "                    if policy is not None:\n",
    "                        action_s = POLICYACTION2ACTION[policy[s]]\n",
    "                        action_t = POLICYACTION2ACTION[policy[t]]\n",
    "\n",
    "                        next_s = get_next_state(s[0], s[1], action_s, grid)\n",
    "                        next_t = get_next_state(t[0], t[1], action_t, grid)\n",
    "\n",
    "                        # Get the index of the next states\n",
    "                        next_s_i = states.index(next_s)\n",
    "                        next_t_j = states.index(next_t)\n",
    "\n",
    "                        reward_diff = abs(rewards[s][action_s] - rewards[t][action_t])\n",
    "                        transition_diff = gamma * d[next_s_i][next_t_j]\n",
    "\n",
    "                        new_d[i][j] = reward_diff + transition_diff\n",
    "\n",
    "                    # Compute standard bisimulation metric\n",
    "                    else:\n",
    "                        for action in ACTION_SPACE:\n",
    "                            next_s = get_next_state(s[0], s[1], action, grid)\n",
    "                            next_t = get_next_state(t[0], t[1], action, grid)\n",
    "\n",
    "                            # If it not a wall practically\n",
    "                            if next_s in states and next_t in states:\n",
    "                                # Get the index of the next states\n",
    "                                next_s_i = states.index(next_s)\n",
    "                                next_t_j = states.index(next_t)\n",
    "\n",
    "                                reward_diff = abs(rewards[s][action] - rewards[t][action])\n",
    "                                transition_diff = gamma * d[next_s_i][next_t_j]\n",
    "\n",
    "                                act_distance = reward_diff + transition_diff\n",
    "\n",
    "                                # Get the indext of current states\n",
    "                                s_i = states.index(s)\n",
    "                                t_j = states.index(t)\n",
    "\n",
    "                                # Get the maximum distance\n",
    "                                if act_distance > new_d[s_i,t_j]:\n",
    "                                    new_d[s_i, t_j] = act_distance\n",
    "        return new_d\n",
    "\n",
    "    while True:\n",
    "        new_d = distance_update(d)\n",
    "        distances_over_time.append(new_d)\n",
    "        if np.max(np.abs(new_d - d)) < epsilon:\n",
    "            break\n",
    "        d = new_d\n",
    "\n",
    "    if get_iterations:\n",
    "        return d, distances_over_time\n",
    "    return d"
   ]
  },
  {
   "cell_type": "code",
   "execution_count": 6,
   "metadata": {},
   "outputs": [],
   "source": [
    "def value_iteration(grid, states, rewards, gamma=0.9, epsilon=1e-4):\n",
    "    # Define parameters\n",
    "    rows, cols = grid.shape\n",
    "    gamma = 0.9\n",
    "    epsilon = 1e-4\n",
    "\n",
    "    # Initialize value function\n",
    "    V = {state: 0 for state in states}\n",
    "\n",
    "    def is_terminal(r, c):\n",
    "        return grid[r][c] == 'G'# or grid[r][c] == 'x'\n",
    "\n",
    "    # Value iteration\n",
    "    while True:\n",
    "        delta = 0\n",
    "        new_V = V.copy()\n",
    "\n",
    "        for (r,c) in states:\n",
    "            if not is_terminal(r, c):\n",
    "                max_value = float('-inf')\n",
    "                for action in ACTION_SPACE:\n",
    "                    next_state = get_next_state(r, c, action, grid)\n",
    "                    # if grid[next_r][next_c] != 'x':\n",
    "                    value = rewards[(r,c)][action] + gamma * V[next_state]\n",
    "                    if value > max_value:\n",
    "                        max_value = value\n",
    "                new_V[(r,c)] = max_value\n",
    "                delta = max(delta, abs(new_V[(r,c)] - V[(r,c)]))\n",
    "        V = new_V\n",
    "        if delta < epsilon:\n",
    "            break\n",
    "\n",
    "    # Extract policy\n",
    "    policy = np.full((rows, cols), 'x')\n",
    "    for (r,c) in states:\n",
    "        if not is_terminal(r, c):\n",
    "            max_value = float('-inf')\n",
    "            best_action = None\n",
    "            for action in ACTION_SPACE:\n",
    "                next_state = get_next_state(r, c, action, grid)\n",
    "                # if grid[next_r][next_c] != 'x':\n",
    "                value = rewards[(r,c)][action] + gamma * V[next_state]\n",
    "                if value > max_value:\n",
    "                    max_value = value\n",
    "                    best_action = action\n",
    "            policy[r][c] = best_action[0]  # Just take the first letter of the action\n",
    "        elif grid[r][c] == 'G':\n",
    "            policy[r][c] = 'G'\n",
    "    return V, policy"
   ]
  },
  {
   "cell_type": "code",
   "execution_count": 7,
   "metadata": {},
   "outputs": [],
   "source": [
    "import json\n",
    "\n",
    "def save_distances(distances, grid, states, filename = \"bisimulation_metric.json\"):\n",
    "    data = {}\n",
    "\n",
    "    for i, state in enumerate(states):\n",
    "        \n",
    "        tmp_list = []\n",
    "        # I only want to keep 4 distances of interest given by the actions\n",
    "        for action in ACTION_SPACE:\n",
    "            next_state = get_next_state(state[0], state[1], action, grid)\n",
    "            next_state_idx = states.index(next_state)\n",
    "            tmp_list.append(round(distances[i, next_state_idx],4))\n",
    "\n",
    "        # data[str(state)] =  [round(val, ) for val in distances[i, :]]\n",
    "        data[str(state)] = tmp_list\n",
    "    with open(filename, 'w') as json_file:\n",
    "        json.dump(data, json_file, indent=4)\n",
    "    print(\"Saving\", data)"
   ]
  },
  {
   "cell_type": "code",
   "execution_count": 186,
   "metadata": {},
   "outputs": [
    {
     "data": {
      "text/plain": [
       "array([[ 0.     , 28.512  , 31.032  , 33.832  , 15.832  , 25.6608 ,\n",
       "         0.     , 28.512  , 31.032  , 33.832  , 25.13592, 25.6608 ,\n",
       "         0.     , 28.512  , 31.032  , 28.512  ,  0.     , 28.512  ,\n",
       "        31.032  , 33.832  , 15.832  , 25.6608 ,  0.     , 28.512  ,\n",
       "        31.032  , 33.832  , 25.13592, 25.6608 ,  0.     , 28.512  ,\n",
       "        31.032  ],\n",
       "       [28.512  ,  0.     , 31.68   , 34.48   , 16.48   , 27.9288 ,\n",
       "        28.512  ,  0.     , 31.68   , 34.48   , 27.40392, 27.9288 ,\n",
       "        28.512  ,  0.     , 31.68   ,  0.     , 28.512  ,  0.     ,\n",
       "        31.68   , 34.48   , 16.48   , 27.9288 , 28.512  ,  0.     ,\n",
       "        31.68   , 34.48   , 27.40392, 27.9288 , 28.512  ,  0.     ,\n",
       "        31.68   ],\n",
       "       [31.032  , 31.68   ,  0.     , 35.2    , 17.2    , 30.4488 ,\n",
       "        31.032  , 31.68   ,  0.     , 35.2    , 29.92392, 30.4488 ,\n",
       "        31.032  , 31.68   ,  0.     , 31.68   , 31.032  , 31.68   ,\n",
       "         0.     , 35.2    , 17.2    , 30.4488 , 31.032  , 31.68   ,\n",
       "         0.     , 35.2    , 29.92392, 30.4488 , 31.032  , 31.68   ,\n",
       "         0.     ],\n",
       "       [33.832  , 34.48   , 35.2    ,  0.     , 18.     , 33.2488 ,\n",
       "        33.832  , 34.48   , 35.2    ,  0.     , 32.72392, 33.2488 ,\n",
       "        33.832  , 34.48   , 35.2    , 34.48   , 33.832  , 34.48   ,\n",
       "        35.2    ,  0.     , 18.     , 33.2488 , 33.832  , 34.48   ,\n",
       "        35.2    ,  0.     , 32.72392, 33.2488 , 33.832  , 34.48   ,\n",
       "        35.2    ],\n",
       "       [15.832  , 16.48   , 17.2    , 18.     ,  0.     , 15.2488 ,\n",
       "        15.832  , 16.48   , 17.2    , 18.     , 14.72392, 15.2488 ,\n",
       "        15.832  , 16.48   , 17.2    , 16.48   , 15.832  , 16.48   ,\n",
       "        17.2    , 18.     ,  0.     , 15.2488 , 15.832  , 16.48   ,\n",
       "        17.2    , 18.     , 14.72392, 15.2488 , 15.832  , 16.48   ,\n",
       "        17.2    ],\n",
       "       [25.6608 , 27.9288 , 30.4488 , 33.2488 , 15.2488 ,  0.     ,\n",
       "        25.6608 , 27.9288 , 30.4488 , 33.2488 , 23.09472,  0.     ,\n",
       "        25.6608 , 27.9288 , 30.4488 , 27.9288 , 25.6608 , 27.9288 ,\n",
       "        30.4488 , 33.2488 , 15.2488 ,  0.     , 25.6608 , 27.9288 ,\n",
       "        30.4488 , 33.2488 , 23.09472,  0.     , 25.6608 , 27.9288 ,\n",
       "        30.4488 ],\n",
       "       [ 0.     , 28.512  , 31.032  , 33.832  , 15.832  , 25.6608 ,\n",
       "         0.     , 28.512  , 31.032  , 33.832  , 25.13592, 25.6608 ,\n",
       "         0.     , 28.512  , 31.032  , 28.512  ,  0.     , 28.512  ,\n",
       "        31.032  , 33.832  , 15.832  , 25.6608 ,  0.     , 28.512  ,\n",
       "        31.032  , 33.832  , 25.13592, 25.6608 ,  0.     , 28.512  ,\n",
       "        31.032  ],\n",
       "       [28.512  ,  0.     , 31.68   , 34.48   , 16.48   , 27.9288 ,\n",
       "        28.512  ,  0.     , 31.68   , 34.48   , 27.40392, 27.9288 ,\n",
       "        28.512  ,  0.     , 31.68   ,  0.     , 28.512  ,  0.     ,\n",
       "        31.68   , 34.48   , 16.48   , 27.9288 , 28.512  ,  0.     ,\n",
       "        31.68   , 34.48   , 27.40392, 27.9288 , 28.512  ,  0.     ,\n",
       "        31.68   ],\n",
       "       [31.032  , 31.68   ,  0.     , 35.2    , 17.2    , 30.4488 ,\n",
       "        31.032  , 31.68   ,  0.     , 35.2    , 29.92392, 30.4488 ,\n",
       "        31.032  , 31.68   ,  0.     , 31.68   , 31.032  , 31.68   ,\n",
       "         0.     , 35.2    , 17.2    , 30.4488 , 31.032  , 31.68   ,\n",
       "         0.     , 35.2    , 29.92392, 30.4488 , 31.032  , 31.68   ,\n",
       "         0.     ],\n",
       "       [33.832  , 34.48   , 35.2    ,  0.     , 18.     , 33.2488 ,\n",
       "        33.832  , 34.48   , 35.2    ,  0.     , 32.72392, 33.2488 ,\n",
       "        33.832  , 34.48   , 35.2    , 34.48   , 33.832  , 34.48   ,\n",
       "        35.2    ,  0.     , 18.     , 33.2488 , 33.832  , 34.48   ,\n",
       "        35.2    ,  0.     , 32.72392, 33.2488 , 33.832  , 34.48   ,\n",
       "        35.2    ],\n",
       "       [25.13592, 27.40392, 29.92392, 32.72392, 14.72392, 23.09472,\n",
       "        25.13592, 27.40392, 29.92392, 32.72392,  0.     , 23.09472,\n",
       "        25.13592, 27.40392, 29.92392, 27.40392, 25.13592, 27.40392,\n",
       "        29.92392, 32.72392, 14.72392, 23.09472, 25.13592, 27.40392,\n",
       "        29.92392, 32.72392,  0.     , 23.09472, 25.13592, 27.40392,\n",
       "        29.92392],\n",
       "       [25.6608 , 27.9288 , 30.4488 , 33.2488 , 15.2488 ,  0.     ,\n",
       "        25.6608 , 27.9288 , 30.4488 , 33.2488 , 23.09472,  0.     ,\n",
       "        25.6608 , 27.9288 , 30.4488 , 27.9288 , 25.6608 , 27.9288 ,\n",
       "        30.4488 , 33.2488 , 15.2488 ,  0.     , 25.6608 , 27.9288 ,\n",
       "        30.4488 , 33.2488 , 23.09472,  0.     , 25.6608 , 27.9288 ,\n",
       "        30.4488 ],\n",
       "       [ 0.     , 28.512  , 31.032  , 33.832  , 15.832  , 25.6608 ,\n",
       "         0.     , 28.512  , 31.032  , 33.832  , 25.13592, 25.6608 ,\n",
       "         0.     , 28.512  , 31.032  , 28.512  ,  0.     , 28.512  ,\n",
       "        31.032  , 33.832  , 15.832  , 25.6608 ,  0.     , 28.512  ,\n",
       "        31.032  , 33.832  , 25.13592, 25.6608 ,  0.     , 28.512  ,\n",
       "        31.032  ],\n",
       "       [28.512  ,  0.     , 31.68   , 34.48   , 16.48   , 27.9288 ,\n",
       "        28.512  ,  0.     , 31.68   , 34.48   , 27.40392, 27.9288 ,\n",
       "        28.512  ,  0.     , 31.68   ,  0.     , 28.512  ,  0.     ,\n",
       "        31.68   , 34.48   , 16.48   , 27.9288 , 28.512  ,  0.     ,\n",
       "        31.68   , 34.48   , 27.40392, 27.9288 , 28.512  ,  0.     ,\n",
       "        31.68   ],\n",
       "       [31.032  , 31.68   ,  0.     , 35.2    , 17.2    , 30.4488 ,\n",
       "        31.032  , 31.68   ,  0.     , 35.2    , 29.92392, 30.4488 ,\n",
       "        31.032  , 31.68   ,  0.     , 31.68   , 31.032  , 31.68   ,\n",
       "         0.     , 35.2    , 17.2    , 30.4488 , 31.032  , 31.68   ,\n",
       "         0.     , 35.2    , 29.92392, 30.4488 , 31.032  , 31.68   ,\n",
       "         0.     ],\n",
       "       [28.512  ,  0.     , 31.68   , 34.48   , 16.48   , 27.9288 ,\n",
       "        28.512  ,  0.     , 31.68   , 34.48   , 27.40392, 27.9288 ,\n",
       "        28.512  ,  0.     , 31.68   ,  0.     , 28.512  ,  0.     ,\n",
       "        31.68   , 34.48   , 16.48   , 27.9288 , 28.512  ,  0.     ,\n",
       "        31.68   , 34.48   , 27.40392, 27.9288 , 28.512  ,  0.     ,\n",
       "        31.68   ],\n",
       "       [ 0.     , 28.512  , 31.032  , 33.832  , 15.832  , 25.6608 ,\n",
       "         0.     , 28.512  , 31.032  , 33.832  , 25.13592, 25.6608 ,\n",
       "         0.     , 28.512  , 31.032  , 28.512  ,  0.     , 28.512  ,\n",
       "        31.032  , 33.832  , 15.832  , 25.6608 ,  0.     , 28.512  ,\n",
       "        31.032  , 33.832  , 25.13592, 25.6608 ,  0.     , 28.512  ,\n",
       "        31.032  ],\n",
       "       [28.512  ,  0.     , 31.68   , 34.48   , 16.48   , 27.9288 ,\n",
       "        28.512  ,  0.     , 31.68   , 34.48   , 27.40392, 27.9288 ,\n",
       "        28.512  ,  0.     , 31.68   ,  0.     , 28.512  ,  0.     ,\n",
       "        31.68   , 34.48   , 16.48   , 27.9288 , 28.512  ,  0.     ,\n",
       "        31.68   , 34.48   , 27.40392, 27.9288 , 28.512  ,  0.     ,\n",
       "        31.68   ],\n",
       "       [31.032  , 31.68   ,  0.     , 35.2    , 17.2    , 30.4488 ,\n",
       "        31.032  , 31.68   ,  0.     , 35.2    , 29.92392, 30.4488 ,\n",
       "        31.032  , 31.68   ,  0.     , 31.68   , 31.032  , 31.68   ,\n",
       "         0.     , 35.2    , 17.2    , 30.4488 , 31.032  , 31.68   ,\n",
       "         0.     , 35.2    , 29.92392, 30.4488 , 31.032  , 31.68   ,\n",
       "         0.     ],\n",
       "       [33.832  , 34.48   , 35.2    ,  0.     , 18.     , 33.2488 ,\n",
       "        33.832  , 34.48   , 35.2    ,  0.     , 32.72392, 33.2488 ,\n",
       "        33.832  , 34.48   , 35.2    , 34.48   , 33.832  , 34.48   ,\n",
       "        35.2    ,  0.     , 18.     , 33.2488 , 33.832  , 34.48   ,\n",
       "        35.2    ,  0.     , 32.72392, 33.2488 , 33.832  , 34.48   ,\n",
       "        35.2    ],\n",
       "       [15.832  , 16.48   , 17.2    , 18.     ,  0.     , 15.2488 ,\n",
       "        15.832  , 16.48   , 17.2    , 18.     , 14.72392, 15.2488 ,\n",
       "        15.832  , 16.48   , 17.2    , 16.48   , 15.832  , 16.48   ,\n",
       "        17.2    , 18.     ,  0.     , 15.2488 , 15.832  , 16.48   ,\n",
       "        17.2    , 18.     , 14.72392, 15.2488 , 15.832  , 16.48   ,\n",
       "        17.2    ],\n",
       "       [25.6608 , 27.9288 , 30.4488 , 33.2488 , 15.2488 ,  0.     ,\n",
       "        25.6608 , 27.9288 , 30.4488 , 33.2488 , 23.09472,  0.     ,\n",
       "        25.6608 , 27.9288 , 30.4488 , 27.9288 , 25.6608 , 27.9288 ,\n",
       "        30.4488 , 33.2488 , 15.2488 ,  0.     , 25.6608 , 27.9288 ,\n",
       "        30.4488 , 33.2488 , 23.09472,  0.     , 25.6608 , 27.9288 ,\n",
       "        30.4488 ],\n",
       "       [ 0.     , 28.512  , 31.032  , 33.832  , 15.832  , 25.6608 ,\n",
       "         0.     , 28.512  , 31.032  , 33.832  , 25.13592, 25.6608 ,\n",
       "         0.     , 28.512  , 31.032  , 28.512  ,  0.     , 28.512  ,\n",
       "        31.032  , 33.832  , 15.832  , 25.6608 ,  0.     , 28.512  ,\n",
       "        31.032  , 33.832  , 25.13592, 25.6608 ,  0.     , 28.512  ,\n",
       "        31.032  ],\n",
       "       [28.512  ,  0.     , 31.68   , 34.48   , 16.48   , 27.9288 ,\n",
       "        28.512  ,  0.     , 31.68   , 34.48   , 27.40392, 27.9288 ,\n",
       "        28.512  ,  0.     , 31.68   ,  0.     , 28.512  ,  0.     ,\n",
       "        31.68   , 34.48   , 16.48   , 27.9288 , 28.512  ,  0.     ,\n",
       "        31.68   , 34.48   , 27.40392, 27.9288 , 28.512  ,  0.     ,\n",
       "        31.68   ],\n",
       "       [31.032  , 31.68   ,  0.     , 35.2    , 17.2    , 30.4488 ,\n",
       "        31.032  , 31.68   ,  0.     , 35.2    , 29.92392, 30.4488 ,\n",
       "        31.032  , 31.68   ,  0.     , 31.68   , 31.032  , 31.68   ,\n",
       "         0.     , 35.2    , 17.2    , 30.4488 , 31.032  , 31.68   ,\n",
       "         0.     , 35.2    , 29.92392, 30.4488 , 31.032  , 31.68   ,\n",
       "         0.     ],\n",
       "       [33.832  , 34.48   , 35.2    ,  0.     , 18.     , 33.2488 ,\n",
       "        33.832  , 34.48   , 35.2    ,  0.     , 32.72392, 33.2488 ,\n",
       "        33.832  , 34.48   , 35.2    , 34.48   , 33.832  , 34.48   ,\n",
       "        35.2    ,  0.     , 18.     , 33.2488 , 33.832  , 34.48   ,\n",
       "        35.2    ,  0.     , 32.72392, 33.2488 , 33.832  , 34.48   ,\n",
       "        35.2    ],\n",
       "       [25.13592, 27.40392, 29.92392, 32.72392, 14.72392, 23.09472,\n",
       "        25.13592, 27.40392, 29.92392, 32.72392,  0.     , 23.09472,\n",
       "        25.13592, 27.40392, 29.92392, 27.40392, 25.13592, 27.40392,\n",
       "        29.92392, 32.72392, 14.72392, 23.09472, 25.13592, 27.40392,\n",
       "        29.92392, 32.72392,  0.     , 23.09472, 25.13592, 27.40392,\n",
       "        29.92392],\n",
       "       [25.6608 , 27.9288 , 30.4488 , 33.2488 , 15.2488 ,  0.     ,\n",
       "        25.6608 , 27.9288 , 30.4488 , 33.2488 , 23.09472,  0.     ,\n",
       "        25.6608 , 27.9288 , 30.4488 , 27.9288 , 25.6608 , 27.9288 ,\n",
       "        30.4488 , 33.2488 , 15.2488 ,  0.     , 25.6608 , 27.9288 ,\n",
       "        30.4488 , 33.2488 , 23.09472,  0.     , 25.6608 , 27.9288 ,\n",
       "        30.4488 ],\n",
       "       [ 0.     , 28.512  , 31.032  , 33.832  , 15.832  , 25.6608 ,\n",
       "         0.     , 28.512  , 31.032  , 33.832  , 25.13592, 25.6608 ,\n",
       "         0.     , 28.512  , 31.032  , 28.512  ,  0.     , 28.512  ,\n",
       "        31.032  , 33.832  , 15.832  , 25.6608 ,  0.     , 28.512  ,\n",
       "        31.032  , 33.832  , 25.13592, 25.6608 ,  0.     , 28.512  ,\n",
       "        31.032  ],\n",
       "       [28.512  ,  0.     , 31.68   , 34.48   , 16.48   , 27.9288 ,\n",
       "        28.512  ,  0.     , 31.68   , 34.48   , 27.40392, 27.9288 ,\n",
       "        28.512  ,  0.     , 31.68   ,  0.     , 28.512  ,  0.     ,\n",
       "        31.68   , 34.48   , 16.48   , 27.9288 , 28.512  ,  0.     ,\n",
       "        31.68   , 34.48   , 27.40392, 27.9288 , 28.512  ,  0.     ,\n",
       "        31.68   ],\n",
       "       [31.032  , 31.68   ,  0.     , 35.2    , 17.2    , 30.4488 ,\n",
       "        31.032  , 31.68   ,  0.     , 35.2    , 29.92392, 30.4488 ,\n",
       "        31.032  , 31.68   ,  0.     , 31.68   , 31.032  , 31.68   ,\n",
       "         0.     , 35.2    , 17.2    , 30.4488 , 31.032  , 31.68   ,\n",
       "         0.     , 35.2    , 29.92392, 30.4488 , 31.032  , 31.68   ,\n",
       "         0.     ]])"
      ]
     },
     "execution_count": 186,
     "metadata": {},
     "output_type": "execute_result"
    }
   ],
   "source": [
    "d"
   ]
  },
  {
   "cell_type": "code",
   "execution_count": 192,
   "metadata": {},
   "outputs": [
    {
     "name": "stdout",
     "output_type": "stream",
     "text": [
